// Weight parameters for Verilog-A module
// Model: PsiNN_laplace

// fc1_2_weight: shape (20, 1)
.fc1_2_weight[0][0](-7.851782e-01)
.fc1_2_weight[1][0](-9.470999e-01)
.fc1_2_weight[2][0](3.106656e-01)
.fc1_2_weight[3][0](-4.084504e-01)
.fc1_2_weight[4][0](-2.492331e-01)
.fc1_2_weight[5][0](3.607532e-01)
.fc1_2_weight[6][0](4.744811e-01)
.fc1_2_weight[7][0](9.784218e-01)
.fc1_2_weight[8][0](-2.428230e-01)
.fc1_2_weight[9][0](-3.482063e-01)
.fc1_2_weight[10][0](5.484760e-01)
.fc1_2_weight[11][0](-2.848766e-01)
.fc1_2_weight[12][0](-7.770749e-01)
.fc1_2_weight[13][0](-4.909824e-01)
.fc1_2_weight[14][0](-8.928819e-01)
.fc1_2_weight[15][0](6.585045e-01)
.fc1_2_weight[16][0](2.593983e-01)
.fc1_2_weight[17][0](5.688330e-01)
.fc1_2_weight[18][0](5.986691e-02)
.fc1_2_weight[19][0](-8.915465e-01)
// fc1_2_bias: shape (20,)
.fc1_2_bias[0](-2.511349e-01)
.fc1_2_bias[1](1.347102e-01)
.fc1_2_bias[2](-6.073288e-01)
.fc1_2_bias[3](3.338631e-01)
.fc1_2_bias[4](1.277883e-01)
.fc1_2_bias[5](-5.558491e-03)
.fc1_2_bias[6](-9.343454e-01)
.fc1_2_bias[7](-5.259370e-01)
.fc1_2_bias[8](-4.021021e-01)
.fc1_2_bias[9](-7.647322e-01)
.fc1_2_bias[10](7.470690e-01)
.fc1_2_bias[11](-2.431015e-01)
.fc1_2_bias[12](-4.994397e-01)
.fc1_2_bias[13](1.281115e-01)
.fc1_2_bias[14](-3.961238e-01)
.fc1_2_bias[15](-2.407953e-01)
.fc1_2_bias[16](7.886854e-01)
.fc1_2_bias[17](7.792799e-01)
.fc1_2_bias[18](-7.442856e-01)
.fc1_2_bias[19](3.989295e-01)
// fc1_4_weight: shape (20, 1)
.fc1_4_weight[0][0](-3.591292e-01)
.fc1_4_weight[1][0](6.463897e-01)
.fc1_4_weight[2][0](-6.044937e-01)
.fc1_4_weight[3][0](4.651982e-01)
.fc1_4_weight[4][0](2.068194e-01)
.fc1_4_weight[5][0](5.492635e-01)
.fc1_4_weight[6][0](6.932112e-01)
.fc1_4_weight[7][0](-4.363384e-01)
.fc1_4_weight[8][0](-1.210464e-01)
.fc1_4_weight[9][0](-1.736027e-01)
.fc1_4_weight[10][0](-5.269182e-01)
.fc1_4_weight[11][0](1.707660e-01)
.fc1_4_weight[12][0](-3.944433e-02)
.fc1_4_weight[13][0](-4.189012e-01)
.fc1_4_weight[14][0](-7.447065e-01)
.fc1_4_weight[15][0](-7.789152e-01)
.fc1_4_weight[16][0](-3.639879e-01)
.fc1_4_weight[17][0](1.634973e-01)
.fc1_4_weight[18][0](-1.643713e-01)
.fc1_4_weight[19][0](-2.393619e-01)
// fc2_2_weight: shape (20, 20)
.fc2_2_weight[0][0](7.661882e-02)
.fc2_2_weight[0][1](1.350935e-01)
.fc2_2_weight[0][2](-2.026040e-01)
.fc2_2_weight[0][3](2.007697e-01)
.fc2_2_weight[0][4](1.469216e-01)
.fc2_2_weight[0][5](2.187853e-02)
.fc2_2_weight[0][6](-2.091776e-01)
.fc2_2_weight[0][7](-4.311451e-02)
.fc2_2_weight[0][8](9.141284e-02)
.fc2_2_weight[0][9](-1.166464e-01)
.fc2_2_weight[0][10](1.022444e-01)
.fc2_2_weight[0][11](1.607386e-01)
.fc2_2_weight[0][12](1.291589e-01)
.fc2_2_weight[0][13](1.471102e-01)
.fc2_2_weight[0][14](-3.028283e-02)
.fc2_2_weight[0][15](1.220171e-01)
.fc2_2_weight[0][16](1.093227e-01)
.fc2_2_weight[0][17](-1.294450e-01)
.fc2_2_weight[0][18](1.973595e-02)
.fc2_2_weight[0][19](-1.263967e-01)
.fc2_2_weight[1][0](-6.400041e-02)
.fc2_2_weight[1][1](-2.202272e-01)
.fc2_2_weight[1][2](-2.850831e-03)
.fc2_2_weight[1][3](-1.836890e-01)
.fc2_2_weight[1][4](-2.031957e-01)
.fc2_2_weight[1][5](-1.732859e-01)
.fc2_2_weight[1][6](-1.066162e-01)
.fc2_2_weight[1][7](-4.565571e-02)
.fc2_2_weight[1][8](1.223917e-01)
.fc2_2_weight[1][9](-4.532507e-02)
.fc2_2_weight[1][10](1.187582e-01)
.fc2_2_weight[1][11](-2.097296e-01)
.fc2_2_weight[1][12](-1.766719e-01)
.fc2_2_weight[1][13](7.113937e-02)
.fc2_2_weight[1][14](-2.068727e-01)
.fc2_2_weight[1][15](-2.167414e-01)
.fc2_2_weight[1][16](4.342350e-02)
.fc2_2_weight[1][17](-1.166899e-01)
.fc2_2_weight[1][18](-1.098132e-01)
.fc2_2_weight[1][19](-2.455647e-02)
.fc2_2_weight[2][0](1.987974e-01)
.fc2_2_weight[2][1](-3.064835e-02)
.fc2_2_weight[2][2](7.712922e-02)
.fc2_2_weight[2][3](-9.927182e-02)
.fc2_2_weight[2][4](1.023645e-01)
.fc2_2_weight[2][5](1.091074e-01)
.fc2_2_weight[2][6](-1.663974e-02)
.fc2_2_weight[2][7](-1.266882e-01)
.fc2_2_weight[2][8](-1.114767e-01)
.fc2_2_weight[2][9](-3.856015e-02)
.fc2_2_weight[2][10](6.325352e-02)
.fc2_2_weight[2][11](-1.225518e-01)
.fc2_2_weight[2][12](-1.458296e-01)
.fc2_2_weight[2][13](-9.646195e-02)
.fc2_2_weight[2][14](-2.187213e-01)
.fc2_2_weight[2][15](1.354195e-01)
.fc2_2_weight[2][16](-1.170019e-01)
.fc2_2_weight[2][17](-1.207184e-01)
.fc2_2_weight[2][18](-1.668626e-01)
.fc2_2_weight[2][19](-1.184940e-03)
.fc2_2_weight[3][0](-7.803604e-03)
.fc2_2_weight[3][1](1.414526e-01)
.fc2_2_weight[3][2](3.726965e-02)
.fc2_2_weight[3][3](-6.677772e-02)
.fc2_2_weight[3][4](-3.260851e-03)
.fc2_2_weight[3][5](-1.059597e-01)
.fc2_2_weight[3][6](2.142478e-01)
.fc2_2_weight[3][7](-7.802948e-02)
.fc2_2_weight[3][8](-2.939717e-02)
.fc2_2_weight[3][9](-3.631239e-02)
.fc2_2_weight[3][10](-7.989821e-02)
.fc2_2_weight[3][11](1.205953e-01)
.fc2_2_weight[3][12](7.222229e-02)
.fc2_2_weight[3][13](1.231423e-01)
.fc2_2_weight[3][14](-1.632488e-01)
.fc2_2_weight[3][15](1.887780e-01)
.fc2_2_weight[3][16](-3.651804e-02)
.fc2_2_weight[3][17](1.639198e-01)
.fc2_2_weight[3][18](-1.594192e-02)
.fc2_2_weight[3][19](-5.814438e-02)
.fc2_2_weight[4][0](-1.737261e-01)
.fc2_2_weight[4][1](8.572325e-03)
.fc2_2_weight[4][2](1.898262e-02)
.fc2_2_weight[4][3](-2.232911e-01)
.fc2_2_weight[4][4](6.867060e-02)
.fc2_2_weight[4][5](3.486705e-02)
.fc2_2_weight[4][6](1.044998e-01)
.fc2_2_weight[4][7](-5.332409e-02)
.fc2_2_weight[4][8](5.750600e-02)
.fc2_2_weight[4][9](3.758743e-02)
.fc2_2_weight[4][10](1.655025e-01)
.fc2_2_weight[4][11](2.233719e-01)
.fc2_2_weight[4][12](-5.141218e-02)
.fc2_2_weight[4][13](1.761802e-02)
.fc2_2_weight[4][14](-9.848651e-02)
.fc2_2_weight[4][15](-1.776578e-02)
.fc2_2_weight[4][16](-2.049074e-03)
.fc2_2_weight[4][17](9.753171e-02)
.fc2_2_weight[4][18](1.818914e-01)
.fc2_2_weight[4][19](-1.849203e-01)
.fc2_2_weight[5][0](-8.075139e-02)
.fc2_2_weight[5][1](7.041091e-02)
.fc2_2_weight[5][2](1.575585e-01)
.fc2_2_weight[5][3](1.222135e-01)
.fc2_2_weight[5][4](1.747514e-01)
.fc2_2_weight[5][5](1.194997e-01)
.fc2_2_weight[5][6](1.209045e-01)
.fc2_2_weight[5][7](2.477655e-02)
.fc2_2_weight[5][8](8.801305e-02)
.fc2_2_weight[5][9](-3.448522e-02)
.fc2_2_weight[5][10](6.022537e-02)
.fc2_2_weight[5][11](1.008951e-01)
.fc2_2_weight[5][12](3.364646e-02)
.fc2_2_weight[5][13](-3.592561e-02)
.fc2_2_weight[5][14](-7.157229e-02)
.fc2_2_weight[5][15](1.037019e-01)
.fc2_2_weight[5][16](2.005560e-01)
.fc2_2_weight[5][17](1.709434e-02)
.fc2_2_weight[5][18](-4.875186e-02)
.fc2_2_weight[5][19](-2.059801e-01)
.fc2_2_weight[6][0](1.767676e-01)
.fc2_2_weight[6][1](-9.619966e-03)
.fc2_2_weight[6][2](-1.826166e-01)
.fc2_2_weight[6][3](-1.406448e-01)
.fc2_2_weight[6][4](7.821974e-02)
.fc2_2_weight[6][5](-1.745298e-01)
.fc2_2_weight[6][6](-1.679945e-01)
.fc2_2_weight[6][7](-1.373522e-01)
.fc2_2_weight[6][8](2.037809e-01)
.fc2_2_weight[6][9](1.552430e-02)
.fc2_2_weight[6][10](8.710325e-03)
.fc2_2_weight[6][11](1.682284e-01)
.fc2_2_weight[6][12](2.201771e-01)
.fc2_2_weight[6][13](-6.872582e-02)
.fc2_2_weight[6][14](2.094575e-01)
.fc2_2_weight[6][15](-6.589875e-03)
.fc2_2_weight[6][16](3.722960e-02)
.fc2_2_weight[6][17](2.021523e-01)
.fc2_2_weight[6][18](-4.790965e-02)
.fc2_2_weight[6][19](1.965096e-01)
.fc2_2_weight[7][0](-2.121230e-01)
.fc2_2_weight[7][1](-1.317657e-01)
.fc2_2_weight[7][2](3.425744e-02)
.fc2_2_weight[7][3](-5.855159e-02)
.fc2_2_weight[7][4](-6.929080e-02)
.fc2_2_weight[7][5](7.804874e-02)
.fc2_2_weight[7][6](2.397548e-02)
.fc2_2_weight[7][7](-1.688981e-01)
.fc2_2_weight[7][8](8.936134e-02)
.fc2_2_weight[7][9](-1.628684e-01)
.fc2_2_weight[7][10](-6.769583e-03)
.fc2_2_weight[7][11](-7.934897e-02)
.fc2_2_weight[7][12](2.142021e-01)
.fc2_2_weight[7][13](-1.222752e-01)
.fc2_2_weight[7][14](-2.228962e-02)
.fc2_2_weight[7][15](1.731472e-01)
.fc2_2_weight[7][16](-1.477222e-01)
.fc2_2_weight[7][17](1.424302e-01)
.fc2_2_weight[7][18](1.406841e-01)
.fc2_2_weight[7][19](-1.173060e-01)
.fc2_2_weight[8][0](-1.366770e-01)
.fc2_2_weight[8][1](1.410639e-01)
.fc2_2_weight[8][2](-2.935533e-02)
.fc2_2_weight[8][3](-2.035859e-01)
.fc2_2_weight[8][4](5.108032e-02)
.fc2_2_weight[8][5](-4.861099e-02)
.fc2_2_weight[8][6](-4.373714e-02)
.fc2_2_weight[8][7](-2.503224e-02)
.fc2_2_weight[8][8](-1.034903e-01)
.fc2_2_weight[8][9](-1.524212e-01)
.fc2_2_weight[8][10](-1.573932e-01)
.fc2_2_weight[8][11](-2.177471e-01)
.fc2_2_weight[8][12](-2.030253e-01)
.fc2_2_weight[8][13](1.785234e-01)
.fc2_2_weight[8][14](3.539181e-02)
.fc2_2_weight[8][15](-1.365442e-01)
.fc2_2_weight[8][16](4.297766e-02)
.fc2_2_weight[8][17](-2.511132e-02)
.fc2_2_weight[8][18](-1.806328e-01)
.fc2_2_weight[8][19](2.523170e-02)
.fc2_2_weight[9][0](1.391547e-01)
.fc2_2_weight[9][1](6.655475e-02)
.fc2_2_weight[9][2](-1.285200e-01)
.fc2_2_weight[9][3](-5.504425e-02)
.fc2_2_weight[9][4](-1.796981e-01)
.fc2_2_weight[9][5](6.032011e-02)
.fc2_2_weight[9][6](9.807312e-02)
.fc2_2_weight[9][7](-1.356060e-01)
.fc2_2_weight[9][8](8.056450e-02)
.fc2_2_weight[9][9](1.421412e-01)
.fc2_2_weight[9][10](1.644067e-01)
.fc2_2_weight[9][11](1.947634e-01)
.fc2_2_weight[9][12](1.301382e-01)
.fc2_2_weight[9][13](-5.768679e-02)
.fc2_2_weight[9][14](-7.681930e-02)
.fc2_2_weight[9][15](-1.391428e-01)
.fc2_2_weight[9][16](1.297592e-01)
.fc2_2_weight[9][17](-8.062504e-02)
.fc2_2_weight[9][18](1.529935e-01)
.fc2_2_weight[9][19](1.521042e-01)
.fc2_2_weight[10][0](-1.131162e-01)
.fc2_2_weight[10][1](-1.892298e-01)
.fc2_2_weight[10][2](-5.702019e-02)
.fc2_2_weight[10][3](1.128208e-01)
.fc2_2_weight[10][4](-2.041206e-01)
.fc2_2_weight[10][5](2.062051e-01)
.fc2_2_weight[10][6](7.452890e-02)
.fc2_2_weight[10][7](-1.944811e-01)
.fc2_2_weight[10][8](1.915350e-01)
.fc2_2_weight[10][9](-1.891205e-01)
.fc2_2_weight[10][10](5.148312e-02)
.fc2_2_weight[10][11](8.487466e-02)
.fc2_2_weight[10][12](-1.548344e-02)
.fc2_2_weight[10][13](-2.154590e-01)
.fc2_2_weight[10][14](-2.854615e-03)
.fc2_2_weight[10][15](-1.738554e-01)
.fc2_2_weight[10][16](6.248224e-02)
.fc2_2_weight[10][17](-5.088544e-02)
.fc2_2_weight[10][18](7.957509e-02)
.fc2_2_weight[10][19](1.714048e-01)
.fc2_2_weight[11][0](1.926754e-01)
.fc2_2_weight[11][1](-1.516397e-01)
.fc2_2_weight[11][2](4.818052e-03)
.fc2_2_weight[11][3](-1.270987e-01)
.fc2_2_weight[11][4](1.813311e-01)
.fc2_2_weight[11][5](1.009491e-01)
.fc2_2_weight[11][6](7.663018e-02)
.fc2_2_weight[11][7](-7.903402e-02)
.fc2_2_weight[11][8](1.580459e-01)
.fc2_2_weight[11][9](-8.216301e-02)
.fc2_2_weight[11][10](-6.831735e-02)
.fc2_2_weight[11][11](2.787343e-02)
.fc2_2_weight[11][12](1.420730e-01)
.fc2_2_weight[11][13](-6.586422e-02)
.fc2_2_weight[11][14](1.724445e-01)
.fc2_2_weight[11][15](-1.772300e-01)
.fc2_2_weight[11][16](1.567610e-01)
.fc2_2_weight[11][17](1.981764e-01)
.fc2_2_weight[11][18](2.047148e-01)
.fc2_2_weight[11][19](1.562312e-03)
.fc2_2_weight[12][0](-1.355061e-01)
.fc2_2_weight[12][1](-1.642525e-01)
.fc2_2_weight[12][2](-1.441106e-01)
.fc2_2_weight[12][3](7.786268e-02)
.fc2_2_weight[12][4](-1.541403e-01)
.fc2_2_weight[12][5](1.947110e-01)
.fc2_2_weight[12][6](-9.591450e-02)
.fc2_2_weight[12][7](-1.774054e-01)
.fc2_2_weight[12][8](-1.997817e-01)
.fc2_2_weight[12][9](-7.433529e-02)
.fc2_2_weight[12][10](-2.047889e-01)
.fc2_2_weight[12][11](1.252106e-01)
.fc2_2_weight[12][12](4.800370e-02)
.fc2_2_weight[12][13](-1.155047e-01)
.fc2_2_weight[12][14](8.416724e-02)
.fc2_2_weight[12][15](-1.948577e-01)
.fc2_2_weight[12][16](-1.501715e-01)
.fc2_2_weight[12][17](1.481279e-01)
.fc2_2_weight[12][18](2.207830e-01)
.fc2_2_weight[12][19](-1.281353e-01)
.fc2_2_weight[13][0](-5.935813e-02)
.fc2_2_weight[13][1](-1.707196e-01)
.fc2_2_weight[13][2](1.215462e-01)
.fc2_2_weight[13][3](-1.946002e-01)
.fc2_2_weight[13][4](-2.114290e-01)
.fc2_2_weight[13][5](2.058424e-01)
.fc2_2_weight[13][6](1.621494e-01)
.fc2_2_weight[13][7](-8.201614e-02)
.fc2_2_weight[13][8](-1.363605e-01)
.fc2_2_weight[13][9](1.156770e-01)
.fc2_2_weight[13][10](9.668270e-02)
.fc2_2_weight[13][11](1.194463e-01)
.fc2_2_weight[13][12](-1.753275e-01)
.fc2_2_weight[13][13](-1.864493e-01)
.fc2_2_weight[13][14](-1.263559e-01)
.fc2_2_weight[13][15](-3.945635e-02)
.fc2_2_weight[13][16](9.734148e-02)
.fc2_2_weight[13][17](-1.582916e-01)
.fc2_2_weight[13][18](-9.294304e-02)
.fc2_2_weight[13][19](-2.043448e-01)
.fc2_2_weight[14][0](1.188412e-02)
.fc2_2_weight[14][1](1.832664e-02)
.fc2_2_weight[14][2](-1.694019e-01)
.fc2_2_weight[14][3](-7.201837e-02)
.fc2_2_weight[14][4](1.510920e-01)
.fc2_2_weight[14][5](-1.565216e-01)
.fc2_2_weight[14][6](-5.144170e-02)
.fc2_2_weight[14][7](7.963163e-02)
.fc2_2_weight[14][8](-8.947596e-03)
.fc2_2_weight[14][9](1.605786e-01)
.fc2_2_weight[14][10](1.612538e-01)
.fc2_2_weight[14][11](-1.245115e-01)
.fc2_2_weight[14][12](1.440359e-01)
.fc2_2_weight[14][13](-8.992420e-02)
.fc2_2_weight[14][14](-1.486180e-01)
.fc2_2_weight[14][15](-3.267153e-02)
.fc2_2_weight[14][16](-1.838551e-01)
.fc2_2_weight[14][17](-2.206786e-01)
.fc2_2_weight[14][18](3.330675e-02)
.fc2_2_weight[14][19](1.513166e-01)
.fc2_2_weight[15][0](-1.102884e-01)
.fc2_2_weight[15][1](1.063898e-03)
.fc2_2_weight[15][2](1.950401e-01)
.fc2_2_weight[15][3](-8.926752e-02)
.fc2_2_weight[15][4](-1.156863e-01)
.fc2_2_weight[15][5](1.239344e-03)
.fc2_2_weight[15][6](1.111300e-01)
.fc2_2_weight[15][7](-1.088266e-01)
.fc2_2_weight[15][8](3.631130e-03)
.fc2_2_weight[15][9](-1.101246e-01)
.fc2_2_weight[15][10](-9.518106e-02)
.fc2_2_weight[15][11](-2.212795e-01)
.fc2_2_weight[15][12](2.091284e-02)
.fc2_2_weight[15][13](-1.624163e-01)
.fc2_2_weight[15][14](-1.154055e-01)
.fc2_2_weight[15][15](1.921584e-01)
.fc2_2_weight[15][16](-1.475442e-01)
.fc2_2_weight[15][17](-1.500811e-01)
.fc2_2_weight[15][18](2.128278e-01)
.fc2_2_weight[15][19](-1.022533e-01)
.fc2_2_weight[16][0](-1.701297e-01)
.fc2_2_weight[16][1](-1.342386e-01)
.fc2_2_weight[16][2](7.260391e-02)
.fc2_2_weight[16][3](-1.653953e-01)
.fc2_2_weight[16][4](6.443152e-02)
.fc2_2_weight[16][5](1.197177e-01)
.fc2_2_weight[16][6](-1.812515e-01)
.fc2_2_weight[16][7](6.867981e-02)
.fc2_2_weight[16][8](-2.202872e-01)
.fc2_2_weight[16][9](-2.104226e-01)
.fc2_2_weight[16][10](-9.139180e-02)
.fc2_2_weight[16][11](-2.090459e-01)
.fc2_2_weight[16][12](2.324343e-02)
.fc2_2_weight[16][13](-1.774807e-01)
.fc2_2_weight[16][14](4.079267e-02)
.fc2_2_weight[16][15](1.521787e-01)
.fc2_2_weight[16][16](-2.092757e-01)
.fc2_2_weight[16][17](-1.357335e-01)
.fc2_2_weight[16][18](1.396725e-01)
.fc2_2_weight[16][19](-1.541196e-01)
.fc2_2_weight[17][0](-1.985807e-01)
.fc2_2_weight[17][1](4.604658e-02)
.fc2_2_weight[17][2](-1.852027e-01)
.fc2_2_weight[17][3](3.130949e-02)
.fc2_2_weight[17][4](-1.230224e-01)
.fc2_2_weight[17][5](-1.576823e-01)
.fc2_2_weight[17][6](8.520898e-02)
.fc2_2_weight[17][7](3.136846e-02)
.fc2_2_weight[17][8](1.587251e-01)
.fc2_2_weight[17][9](-3.829476e-02)
.fc2_2_weight[17][10](1.879938e-01)
.fc2_2_weight[17][11](1.791002e-01)
.fc2_2_weight[17][12](-1.279675e-01)
.fc2_2_weight[17][13](-2.745903e-02)
.fc2_2_weight[17][14](1.662981e-01)
.fc2_2_weight[17][15](-1.367409e-01)
.fc2_2_weight[17][16](-2.219713e-01)
.fc2_2_weight[17][17](4.107636e-02)
.fc2_2_weight[17][18](-5.990244e-02)
.fc2_2_weight[17][19](-5.433254e-02)
.fc2_2_weight[18][0](-2.235111e-01)
.fc2_2_weight[18][1](2.116310e-01)
.fc2_2_weight[18][2](-2.762491e-02)
.fc2_2_weight[18][3](-3.793243e-02)
.fc2_2_weight[18][4](-1.167573e-01)
.fc2_2_weight[18][5](1.112159e-01)
.fc2_2_weight[18][6](-1.329210e-01)
.fc2_2_weight[18][7](5.939361e-02)
.fc2_2_weight[18][8](-1.968112e-01)
.fc2_2_weight[18][9](1.742361e-02)
.fc2_2_weight[18][10](-8.219571e-02)
.fc2_2_weight[18][11](2.231018e-01)
.fc2_2_weight[18][12](-4.519312e-02)
.fc2_2_weight[18][13](-1.948556e-01)
.fc2_2_weight[18][14](-7.057735e-02)
.fc2_2_weight[18][15](1.648142e-01)
.fc2_2_weight[18][16](-1.872556e-01)
.fc2_2_weight[18][17](1.963722e-01)
.fc2_2_weight[18][18](-4.894744e-02)
.fc2_2_weight[18][19](1.217034e-01)
.fc2_2_weight[19][0](9.085026e-02)
.fc2_2_weight[19][1](-2.134185e-02)
.fc2_2_weight[19][2](5.189779e-02)
.fc2_2_weight[19][3](1.242912e-01)
.fc2_2_weight[19][4](1.962827e-01)
.fc2_2_weight[19][5](-2.026812e-01)
.fc2_2_weight[19][6](-1.644839e-01)
.fc2_2_weight[19][7](-1.527776e-01)
.fc2_2_weight[19][8](7.173926e-03)
.fc2_2_weight[19][9](-1.181223e-01)
.fc2_2_weight[19][10](9.068668e-02)
.fc2_2_weight[19][11](5.239472e-03)
.fc2_2_weight[19][12](1.189105e-01)
.fc2_2_weight[19][13](-1.029022e-01)
.fc2_2_weight[19][14](2.024679e-02)
.fc2_2_weight[19][15](1.105252e-01)
.fc2_2_weight[19][16](6.422910e-02)
.fc2_2_weight[19][17](-1.055147e-01)
.fc2_2_weight[19][18](8.013222e-02)
.fc2_2_weight[19][19](-1.320427e-01)
// fc2_2_bias: shape (20,)
.fc2_2_bias[0](-2.102008e-01)
.fc2_2_bias[1](5.700010e-02)
.fc2_2_bias[2](-2.008514e-01)
.fc2_2_bias[3](2.177683e-01)
.fc2_2_bias[4](-7.429436e-03)
.fc2_2_bias[5](-1.788451e-01)
.fc2_2_bias[6](-8.620678e-02)
.fc2_2_bias[7](-1.339726e-02)
.fc2_2_bias[8](3.585517e-04)
.fc2_2_bias[9](4.169652e-02)
.fc2_2_bias[10](-1.100322e-01)
.fc2_2_bias[11](-4.810581e-02)
.fc2_2_bias[12](-1.556320e-01)
.fc2_2_bias[13](4.087391e-02)
.fc2_2_bias[14](2.191849e-01)
.fc2_2_bias[15](1.907766e-03)
.fc2_2_bias[16](-1.039588e-01)
.fc2_2_bias[17](-2.352133e-02)
.fc2_2_bias[18](-1.368099e-01)
.fc2_2_bias[19](-2.181145e-01)
// fc2_4_weight: shape (20, 20)
.fc2_4_weight[0][0](-1.643632e-01)
.fc2_4_weight[0][1](-7.928297e-02)
.fc2_4_weight[0][2](1.935171e-02)
.fc2_4_weight[0][3](-7.172449e-02)
.fc2_4_weight[0][4](1.410297e-01)
.fc2_4_weight[0][5](1.215999e-01)
.fc2_4_weight[0][6](2.137192e-01)
.fc2_4_weight[0][7](1.245805e-01)
.fc2_4_weight[0][8](-6.037369e-02)
.fc2_4_weight[0][9](1.017191e-01)
.fc2_4_weight[0][10](-2.030188e-01)
.fc2_4_weight[0][11](6.226897e-02)
.fc2_4_weight[0][12](-4.003468e-02)
.fc2_4_weight[0][13](5.609065e-03)
.fc2_4_weight[0][14](-1.065083e-01)
.fc2_4_weight[0][15](-1.329705e-02)
.fc2_4_weight[0][16](3.574926e-02)
.fc2_4_weight[0][17](2.069288e-01)
.fc2_4_weight[0][18](-8.392130e-02)
.fc2_4_weight[0][19](-1.732600e-01)
.fc2_4_weight[1][0](2.151447e-01)
.fc2_4_weight[1][1](-5.707729e-02)
.fc2_4_weight[1][2](-7.570639e-02)
.fc2_4_weight[1][3](-5.932584e-03)
.fc2_4_weight[1][4](-2.948226e-02)
.fc2_4_weight[1][5](1.445690e-01)
.fc2_4_weight[1][6](-9.251788e-02)
.fc2_4_weight[1][7](1.336945e-01)
.fc2_4_weight[1][8](-1.601756e-01)
.fc2_4_weight[1][9](1.691580e-02)
.fc2_4_weight[1][10](1.208707e-01)
.fc2_4_weight[1][11](-9.559926e-02)
.fc2_4_weight[1][12](-8.497858e-02)
.fc2_4_weight[1][13](-8.190024e-02)
.fc2_4_weight[1][14](2.155443e-02)
.fc2_4_weight[1][15](-1.450667e-01)
.fc2_4_weight[1][16](-1.845219e-01)
.fc2_4_weight[1][17](2.609482e-02)
.fc2_4_weight[1][18](-5.218244e-02)
.fc2_4_weight[1][19](-1.892769e-01)
.fc2_4_weight[2][0](3.558978e-03)
.fc2_4_weight[2][1](-4.751956e-02)
.fc2_4_weight[2][2](6.038916e-02)
.fc2_4_weight[2][3](-1.320255e-01)
.fc2_4_weight[2][4](1.899535e-01)
.fc2_4_weight[2][5](1.235444e-01)
.fc2_4_weight[2][6](-5.979736e-02)
.fc2_4_weight[2][7](1.622671e-01)
.fc2_4_weight[2][8](-7.342416e-02)
.fc2_4_weight[2][9](-5.604269e-02)
.fc2_4_weight[2][10](2.115433e-01)
.fc2_4_weight[2][11](2.063778e-01)
.fc2_4_weight[2][12](-6.238398e-02)
.fc2_4_weight[2][13](-7.782939e-02)
.fc2_4_weight[2][14](1.987398e-01)
.fc2_4_weight[2][15](1.238951e-01)
.fc2_4_weight[2][16](-3.310913e-02)
.fc2_4_weight[2][17](8.795813e-02)
.fc2_4_weight[2][18](-1.860326e-01)
.fc2_4_weight[2][19](9.234673e-02)
.fc2_4_weight[3][0](3.692326e-02)
.fc2_4_weight[3][1](2.319385e-02)
.fc2_4_weight[3][2](-3.807043e-02)
.fc2_4_weight[3][3](-1.316468e-01)
.fc2_4_weight[3][4](6.976891e-02)
.fc2_4_weight[3][5](-2.112020e-01)
.fc2_4_weight[3][6](-6.104042e-02)
.fc2_4_weight[3][7](7.862198e-02)
.fc2_4_weight[3][8](-2.085669e-01)
.fc2_4_weight[3][9](-3.070886e-02)
.fc2_4_weight[3][10](-1.252548e-01)
.fc2_4_weight[3][11](2.203995e-01)
.fc2_4_weight[3][12](-1.973058e-01)
.fc2_4_weight[3][13](1.268090e-02)
.fc2_4_weight[3][14](-1.131477e-01)
.fc2_4_weight[3][15](7.598802e-03)
.fc2_4_weight[3][16](-1.885362e-01)
.fc2_4_weight[3][17](1.717166e-01)
.fc2_4_weight[3][18](-2.169202e-02)
.fc2_4_weight[3][19](-3.614269e-02)
.fc2_4_weight[4][0](-1.923511e-01)
.fc2_4_weight[4][1](1.155653e-01)
.fc2_4_weight[4][2](1.696601e-01)
.fc2_4_weight[4][3](-6.325930e-03)
.fc2_4_weight[4][4](-1.233663e-01)
.fc2_4_weight[4][5](6.340474e-02)
.fc2_4_weight[4][6](1.508790e-01)
.fc2_4_weight[4][7](8.422226e-02)
.fc2_4_weight[4][8](2.345648e-02)
.fc2_4_weight[4][9](9.099528e-02)
.fc2_4_weight[4][10](-1.718162e-01)
.fc2_4_weight[4][11](8.862898e-02)
.fc2_4_weight[4][12](1.699612e-01)
.fc2_4_weight[4][13](1.805034e-01)
.fc2_4_weight[4][14](-2.072400e-01)
.fc2_4_weight[4][15](6.284222e-02)
.fc2_4_weight[4][16](8.373472e-02)
.fc2_4_weight[4][17](5.948454e-02)
.fc2_4_weight[4][18](1.392751e-01)
.fc2_4_weight[4][19](1.900620e-01)
.fc2_4_weight[5][0](2.112420e-02)
.fc2_4_weight[5][1](-8.961600e-02)
.fc2_4_weight[5][2](1.930727e-01)
.fc2_4_weight[5][3](-1.221650e-01)
.fc2_4_weight[5][4](3.757000e-03)
.fc2_4_weight[5][5](1.087099e-01)
.fc2_4_weight[5][6](1.850791e-01)
.fc2_4_weight[5][7](1.372472e-01)
.fc2_4_weight[5][8](1.242700e-02)
.fc2_4_weight[5][9](-1.453925e-01)
.fc2_4_weight[5][10](2.369075e-02)
.fc2_4_weight[5][11](9.276223e-02)
.fc2_4_weight[5][12](4.018557e-02)
.fc2_4_weight[5][13](-1.916409e-01)
.fc2_4_weight[5][14](-1.587694e-01)
.fc2_4_weight[5][15](1.384052e-01)
.fc2_4_weight[5][16](5.293104e-02)
.fc2_4_weight[5][17](8.035082e-02)
.fc2_4_weight[5][18](-2.109140e-01)
.fc2_4_weight[5][19](-1.851661e-01)
.fc2_4_weight[6][0](-2.089673e-01)
.fc2_4_weight[6][1](4.142702e-02)
.fc2_4_weight[6][2](-7.106337e-02)
.fc2_4_weight[6][3](-1.030342e-02)
.fc2_4_weight[6][4](-1.274288e-01)
.fc2_4_weight[6][5](-7.512687e-02)
.fc2_4_weight[6][6](-1.214667e-01)
.fc2_4_weight[6][7](1.961208e-01)
.fc2_4_weight[6][8](1.002483e-01)
.fc2_4_weight[6][9](-1.170858e-01)
.fc2_4_weight[6][10](-1.957374e-01)
.fc2_4_weight[6][11](-1.935072e-01)
.fc2_4_weight[6][12](2.119735e-01)
.fc2_4_weight[6][13](7.833034e-03)
.fc2_4_weight[6][14](2.167946e-01)
.fc2_4_weight[6][15](1.270310e-01)
.fc2_4_weight[6][16](1.264404e-02)
.fc2_4_weight[6][17](-1.138459e-02)
.fc2_4_weight[6][18](-1.241354e-01)
.fc2_4_weight[6][19](-8.148178e-03)
.fc2_4_weight[7][0](-2.168259e-01)
.fc2_4_weight[7][1](-1.081787e-01)
.fc2_4_weight[7][2](2.094694e-01)
.fc2_4_weight[7][3](1.796266e-01)
.fc2_4_weight[7][4](2.053040e-01)
.fc2_4_weight[7][5](-1.130497e-01)
.fc2_4_weight[7][6](8.499837e-02)
.fc2_4_weight[7][7](2.398662e-02)
.fc2_4_weight[7][8](6.049961e-02)
.fc2_4_weight[7][9](2.049348e-02)
.fc2_4_weight[7][10](1.205561e-02)
.fc2_4_weight[7][11](-1.695783e-01)
.fc2_4_weight[7][12](2.113573e-01)
.fc2_4_weight[7][13](-1.241546e-01)
.fc2_4_weight[7][14](-1.317939e-01)
.fc2_4_weight[7][15](1.839958e-01)
.fc2_4_weight[7][16](-8.667269e-02)
.fc2_4_weight[7][17](-1.606356e-01)
.fc2_4_weight[7][18](-1.432212e-01)
.fc2_4_weight[7][19](8.582073e-02)
.fc2_4_weight[8][0](-2.569191e-02)
.fc2_4_weight[8][1](9.636801e-02)
.fc2_4_weight[8][2](-1.335131e-01)
.fc2_4_weight[8][3](-3.843509e-02)
.fc2_4_weight[8][4](-1.944575e-01)
.fc2_4_weight[8][5](1.697010e-01)
.fc2_4_weight[8][6](-1.762166e-01)
.fc2_4_weight[8][7](4.969865e-02)
.fc2_4_weight[8][8](2.568431e-02)
.fc2_4_weight[8][9](-2.998428e-02)
.fc2_4_weight[8][10](9.601921e-02)
.fc2_4_weight[8][11](-1.665580e-01)
.fc2_4_weight[8][12](1.179277e-01)
.fc2_4_weight[8][13](1.090234e-01)
.fc2_4_weight[8][14](5.794770e-02)
.fc2_4_weight[8][15](-2.173426e-01)
.fc2_4_weight[8][16](-1.780045e-02)
.fc2_4_weight[8][17](-1.601292e-01)
.fc2_4_weight[8][18](6.767929e-03)
.fc2_4_weight[8][19](-1.934034e-01)
.fc2_4_weight[9][0](3.911749e-02)
.fc2_4_weight[9][1](1.259625e-01)
.fc2_4_weight[9][2](1.425342e-01)
.fc2_4_weight[9][3](1.614566e-01)
.fc2_4_weight[9][4](1.547233e-01)
.fc2_4_weight[9][5](-2.133291e-01)
.fc2_4_weight[9][6](-1.084744e-01)
.fc2_4_weight[9][7](1.143103e-01)
.fc2_4_weight[9][8](-2.235476e-01)
.fc2_4_weight[9][9](-1.996714e-01)
.fc2_4_weight[9][10](1.061841e-01)
.fc2_4_weight[9][11](1.706189e-01)
.fc2_4_weight[9][12](5.788431e-02)
.fc2_4_weight[9][13](-1.348532e-01)
.fc2_4_weight[9][14](1.233389e-01)
.fc2_4_weight[9][15](1.875713e-01)
.fc2_4_weight[9][16](-1.371537e-01)
.fc2_4_weight[9][17](2.464429e-03)
.fc2_4_weight[9][18](1.363966e-02)
.fc2_4_weight[9][19](2.091372e-01)
.fc2_4_weight[10][0](-1.021695e-02)
.fc2_4_weight[10][1](-1.546631e-01)
.fc2_4_weight[10][2](-3.931923e-02)
.fc2_4_weight[10][3](1.912105e-01)
.fc2_4_weight[10][4](-2.115801e-01)
.fc2_4_weight[10][5](-1.036714e-02)
.fc2_4_weight[10][6](-9.788318e-02)
.fc2_4_weight[10][7](-9.853132e-02)
.fc2_4_weight[10][8](9.377074e-02)
.fc2_4_weight[10][9](-5.830133e-02)
.fc2_4_weight[10][10](1.720394e-02)
.fc2_4_weight[10][11](-2.002445e-01)
.fc2_4_weight[10][12](2.140504e-01)
.fc2_4_weight[10][13](7.951513e-03)
.fc2_4_weight[10][14](-1.180354e-01)
.fc2_4_weight[10][15](1.415030e-01)
.fc2_4_weight[10][16](1.854542e-01)
.fc2_4_weight[10][17](9.998167e-02)
.fc2_4_weight[10][18](-1.271596e-01)
.fc2_4_weight[10][19](1.450377e-01)
.fc2_4_weight[11][0](9.204233e-02)
.fc2_4_weight[11][1](-1.164275e-01)
.fc2_4_weight[11][2](-1.171862e-02)
.fc2_4_weight[11][3](7.135436e-02)
.fc2_4_weight[11][4](1.779602e-01)
.fc2_4_weight[11][5](-1.538112e-01)
.fc2_4_weight[11][6](1.114010e-01)
.fc2_4_weight[11][7](-5.579574e-02)
.fc2_4_weight[11][8](1.963525e-01)
.fc2_4_weight[11][9](1.826517e-01)
.fc2_4_weight[11][10](1.084435e-01)
.fc2_4_weight[11][11](2.059672e-01)
.fc2_4_weight[11][12](-1.292389e-01)
.fc2_4_weight[11][13](9.602109e-02)
.fc2_4_weight[11][14](2.126408e-01)
.fc2_4_weight[11][15](-1.117453e-03)
.fc2_4_weight[11][16](-2.134291e-01)
.fc2_4_weight[11][17](-1.163233e-01)
.fc2_4_weight[11][18](1.319651e-01)
.fc2_4_weight[11][19](2.166400e-01)
.fc2_4_weight[12][0](-1.758945e-01)
.fc2_4_weight[12][1](-1.234358e-01)
.fc2_4_weight[12][2](1.876804e-01)
.fc2_4_weight[12][3](1.898651e-01)
.fc2_4_weight[12][4](-6.418739e-02)
.fc2_4_weight[12][5](5.822238e-02)
.fc2_4_weight[12][6](1.558279e-01)
.fc2_4_weight[12][7](-2.109877e-01)
.fc2_4_weight[12][8](1.215690e-01)
.fc2_4_weight[12][9](1.934171e-01)
.fc2_4_weight[12][10](-1.717733e-01)
.fc2_4_weight[12][11](2.149124e-01)
.fc2_4_weight[12][12](-1.954143e-01)
.fc2_4_weight[12][13](-1.646471e-01)
.fc2_4_weight[12][14](-1.112470e-01)
.fc2_4_weight[12][15](6.326458e-02)
.fc2_4_weight[12][16](-1.908691e-01)
.fc2_4_weight[12][17](1.402499e-01)
.fc2_4_weight[12][18](1.831249e-01)
.fc2_4_weight[12][19](-1.670291e-01)
.fc2_4_weight[13][0](-2.545844e-02)
.fc2_4_weight[13][1](2.038220e-01)
.fc2_4_weight[13][2](-1.401154e-01)
.fc2_4_weight[13][3](-7.486071e-02)
.fc2_4_weight[13][4](2.026136e-02)
.fc2_4_weight[13][5](1.684386e-01)
.fc2_4_weight[13][6](6.263673e-02)
.fc2_4_weight[13][7](1.930374e-01)
.fc2_4_weight[13][8](-2.191820e-01)
.fc2_4_weight[13][9](-1.941366e-01)
.fc2_4_weight[13][10](7.031524e-02)
.fc2_4_weight[13][11](9.075871e-02)
.fc2_4_weight[13][12](3.541958e-02)
.fc2_4_weight[13][13](-1.675465e-01)
.fc2_4_weight[13][14](-2.043265e-01)
.fc2_4_weight[13][15](5.717605e-03)
.fc2_4_weight[13][16](1.006131e-01)
.fc2_4_weight[13][17](1.396671e-02)
.fc2_4_weight[13][18](6.114727e-02)
.fc2_4_weight[13][19](1.812725e-01)
.fc2_4_weight[14][0](-1.940435e-01)
.fc2_4_weight[14][1](-1.851020e-01)
.fc2_4_weight[14][2](1.865594e-01)
.fc2_4_weight[14][3](-5.220649e-02)
.fc2_4_weight[14][4](-1.133649e-01)
.fc2_4_weight[14][5](8.090997e-02)
.fc2_4_weight[14][6](-5.391344e-03)
.fc2_4_weight[14][7](1.826746e-01)
.fc2_4_weight[14][8](1.137137e-01)
.fc2_4_weight[14][9](-1.789084e-01)
.fc2_4_weight[14][10](-2.969563e-03)
.fc2_4_weight[14][11](1.331934e-01)
.fc2_4_weight[14][12](2.233462e-01)
.fc2_4_weight[14][13](-1.697409e-01)
.fc2_4_weight[14][14](1.611762e-01)
.fc2_4_weight[14][15](1.771356e-02)
.fc2_4_weight[14][16](-8.330970e-02)
.fc2_4_weight[14][17](-7.134134e-02)
.fc2_4_weight[14][18](-6.035548e-02)
.fc2_4_weight[14][19](1.657225e-01)
.fc2_4_weight[15][0](1.240748e-01)
.fc2_4_weight[15][1](-1.040620e-01)
.fc2_4_weight[15][2](3.039521e-02)
.fc2_4_weight[15][3](4.766864e-02)
.fc2_4_weight[15][4](1.156289e-01)
.fc2_4_weight[15][5](1.377603e-01)
.fc2_4_weight[15][6](5.572966e-02)
.fc2_4_weight[15][7](-5.193651e-03)
.fc2_4_weight[15][8](1.038818e-01)
.fc2_4_weight[15][9](1.027406e-01)
.fc2_4_weight[15][10](1.746955e-01)
.fc2_4_weight[15][11](1.799929e-01)
.fc2_4_weight[15][12](-2.147717e-01)
.fc2_4_weight[15][13](-8.623689e-02)
.fc2_4_weight[15][14](4.502133e-02)
.fc2_4_weight[15][15](-2.116273e-01)
.fc2_4_weight[15][16](-2.203623e-01)
.fc2_4_weight[15][17](1.147894e-01)
.fc2_4_weight[15][18](-1.227521e-01)
.fc2_4_weight[15][19](-8.983858e-02)
.fc2_4_weight[16][0](4.696426e-02)
.fc2_4_weight[16][1](-1.103757e-01)
.fc2_4_weight[16][2](-2.050972e-01)
.fc2_4_weight[16][3](5.156854e-02)
.fc2_4_weight[16][4](3.230134e-02)
.fc2_4_weight[16][5](-1.616106e-01)
.fc2_4_weight[16][6](-1.085482e-01)
.fc2_4_weight[16][7](-1.792901e-01)
.fc2_4_weight[16][8](2.209676e-01)
.fc2_4_weight[16][9](5.863741e-02)
.fc2_4_weight[16][10](3.544483e-02)
.fc2_4_weight[16][11](-1.802205e-01)
.fc2_4_weight[16][12](-6.354323e-02)
.fc2_4_weight[16][13](-1.634292e-01)
.fc2_4_weight[16][14](-7.686934e-02)
.fc2_4_weight[16][15](-9.111574e-02)
.fc2_4_weight[16][16](4.047084e-02)
.fc2_4_weight[16][17](1.251796e-01)
.fc2_4_weight[16][18](1.546491e-01)
.fc2_4_weight[16][19](1.849047e-01)
.fc2_4_weight[17][0](-8.683202e-02)
.fc2_4_weight[17][1](1.358787e-01)
.fc2_4_weight[17][2](7.717943e-02)
.fc2_4_weight[17][3](1.514786e-02)
.fc2_4_weight[17][4](-1.379415e-01)
.fc2_4_weight[17][5](1.739164e-01)
.fc2_4_weight[17][6](1.130349e-01)
.fc2_4_weight[17][7](1.811251e-01)
.fc2_4_weight[17][8](-6.804985e-02)
.fc2_4_weight[17][9](1.810890e-01)
.fc2_4_weight[17][10](1.657664e-01)
.fc2_4_weight[17][11](-2.216243e-01)
.fc2_4_weight[17][12](1.251149e-01)
.fc2_4_weight[17][13](-1.750853e-01)
.fc2_4_weight[17][14](-4.218975e-02)
.fc2_4_weight[17][15](-2.087060e-01)
.fc2_4_weight[17][16](-1.057861e-01)
.fc2_4_weight[17][17](1.045706e-01)
.fc2_4_weight[17][18](-1.557730e-01)
.fc2_4_weight[17][19](-9.312291e-02)
.fc2_4_weight[18][0](-5.123453e-02)
.fc2_4_weight[18][1](-8.641389e-02)
.fc2_4_weight[18][2](2.200403e-01)
.fc2_4_weight[18][3](-1.475109e-01)
.fc2_4_weight[18][4](1.889361e-01)
.fc2_4_weight[18][5](-1.719918e-01)
.fc2_4_weight[18][6](8.337453e-02)
.fc2_4_weight[18][7](-8.586299e-02)
.fc2_4_weight[18][8](6.074256e-02)
.fc2_4_weight[18][9](-2.300030e-02)
.fc2_4_weight[18][10](2.030894e-01)
.fc2_4_weight[18][11](-1.021731e-01)
.fc2_4_weight[18][12](4.849869e-02)
.fc2_4_weight[18][13](-2.867074e-02)
.fc2_4_weight[18][14](-1.257198e-01)
.fc2_4_weight[18][15](1.157178e-02)
.fc2_4_weight[18][16](-1.741395e-01)
.fc2_4_weight[18][17](2.040959e-01)
.fc2_4_weight[18][18](-2.191567e-01)
.fc2_4_weight[18][19](8.675712e-02)
.fc2_4_weight[19][0](-1.824643e-01)
.fc2_4_weight[19][1](-3.548890e-02)
.fc2_4_weight[19][2](-2.006195e-01)
.fc2_4_weight[19][3](2.182252e-01)
.fc2_4_weight[19][4](2.085348e-01)
.fc2_4_weight[19][5](-9.168386e-04)
.fc2_4_weight[19][6](1.188094e-01)
.fc2_4_weight[19][7](1.140907e-01)
.fc2_4_weight[19][8](-2.507821e-03)
.fc2_4_weight[19][9](-1.673753e-01)
.fc2_4_weight[19][10](8.909073e-02)
.fc2_4_weight[19][11](1.334746e-02)
.fc2_4_weight[19][12](2.974012e-02)
.fc2_4_weight[19][13](-1.543849e-01)
.fc2_4_weight[19][14](-1.054551e-01)
.fc2_4_weight[19][15](-2.032966e-01)
.fc2_4_weight[19][16](5.258933e-03)
.fc2_4_weight[19][17](8.283928e-02)
.fc2_4_weight[19][18](1.353872e-01)
.fc2_4_weight[19][19](9.414420e-03)
// fc2_4_bias: shape (20,)
.fc2_4_bias[0](9.853604e-02)
.fc2_4_bias[1](-1.017746e-01)
.fc2_4_bias[2](-1.350064e-01)
.fc2_4_bias[3](3.935018e-02)
.fc2_4_bias[4](-9.888925e-02)
.fc2_4_bias[5](1.908670e-01)
.fc2_4_bias[6](2.012847e-01)
.fc2_4_bias[7](1.719016e-01)
.fc2_4_bias[8](-8.514470e-02)
.fc2_4_bias[9](-1.262592e-01)
.fc2_4_bias[10](-1.006819e-01)
.fc2_4_bias[11](9.515870e-02)
.fc2_4_bias[12](1.608323e-02)
.fc2_4_bias[13](1.841691e-01)
.fc2_4_bias[14](-2.132117e-01)
.fc2_4_bias[15](2.176827e-01)
.fc2_4_bias[16](1.576821e-01)
.fc2_4_bias[17](-6.025599e-02)
.fc2_4_bias[18](-2.110793e-01)
.fc2_4_bias[19](1.918176e-01)
// fc3_2_weight: shape (40, 20)
.fc3_2_weight[0][0](-1.474905e-01)
.fc3_2_weight[0][1](8.001411e-02)
.fc3_2_weight[0][2](-6.221288e-02)
.fc3_2_weight[0][3](-4.342318e-02)
.fc3_2_weight[0][4](1.616648e-01)
.fc3_2_weight[0][5](-9.418911e-02)
.fc3_2_weight[0][6](-1.028724e-02)
.fc3_2_weight[0][7](-7.052654e-02)
.fc3_2_weight[0][8](5.501780e-02)
.fc3_2_weight[0][9](1.851177e-01)
.fc3_2_weight[0][10](-1.845571e-01)
.fc3_2_weight[0][11](5.232981e-02)
.fc3_2_weight[0][12](6.972682e-02)
.fc3_2_weight[0][13](1.526158e-01)
.fc3_2_weight[0][14](-1.443481e-02)
.fc3_2_weight[0][15](-1.999437e-01)
.fc3_2_weight[0][16](-1.661960e-01)
.fc3_2_weight[0][17](2.092339e-01)
.fc3_2_weight[0][18](-1.447383e-01)
.fc3_2_weight[0][19](1.589258e-01)
.fc3_2_weight[1][0](-6.794423e-03)
.fc3_2_weight[1][1](-9.916835e-02)
.fc3_2_weight[1][2](1.969870e-01)
.fc3_2_weight[1][3](1.354722e-01)
.fc3_2_weight[1][4](-1.784839e-02)
.fc3_2_weight[1][5](1.177101e-01)
.fc3_2_weight[1][6](-1.416599e-01)
.fc3_2_weight[1][7](2.155800e-01)
.fc3_2_weight[1][8](4.720134e-02)
.fc3_2_weight[1][9](1.054400e-01)
.fc3_2_weight[1][10](1.563909e-01)
.fc3_2_weight[1][11](-1.397272e-01)
.fc3_2_weight[1][12](-1.783608e-01)
.fc3_2_weight[1][13](1.909032e-01)
.fc3_2_weight[1][14](9.136653e-02)
.fc3_2_weight[1][15](3.709739e-02)
.fc3_2_weight[1][16](-9.222671e-02)
.fc3_2_weight[1][17](2.864990e-02)
.fc3_2_weight[1][18](1.228536e-01)
.fc3_2_weight[1][19](-8.741763e-02)
.fc3_2_weight[2][0](1.258716e-01)
.fc3_2_weight[2][1](1.637296e-01)
.fc3_2_weight[2][2](-1.123628e-02)
.fc3_2_weight[2][3](1.946639e-01)
.fc3_2_weight[2][4](1.175438e-01)
.fc3_2_weight[2][5](1.718763e-01)
.fc3_2_weight[2][6](4.146212e-02)
.fc3_2_weight[2][7](5.254465e-02)
.fc3_2_weight[2][8](-1.336687e-01)
.fc3_2_weight[2][9](-1.785006e-01)
.fc3_2_weight[2][10](-1.089867e-01)
.fc3_2_weight[2][11](1.774883e-01)
.fc3_2_weight[2][12](2.148295e-01)
.fc3_2_weight[2][13](-7.767619e-02)
.fc3_2_weight[2][14](-1.042888e-02)
.fc3_2_weight[2][15](-6.721649e-02)
.fc3_2_weight[2][16](-8.687750e-02)
.fc3_2_weight[2][17](2.163202e-01)
.fc3_2_weight[2][18](-8.428541e-02)
.fc3_2_weight[2][19](1.125504e-01)
.fc3_2_weight[3][0](1.247689e-01)
.fc3_2_weight[3][1](1.169274e-01)
.fc3_2_weight[3][2](-1.238430e-01)
.fc3_2_weight[3][3](-6.177530e-03)
.fc3_2_weight[3][4](-6.686153e-02)
.fc3_2_weight[3][5](9.776378e-02)
.fc3_2_weight[3][6](1.899962e-01)
.fc3_2_weight[3][7](1.259575e-01)
.fc3_2_weight[3][8](-5.432449e-02)
.fc3_2_weight[3][9](3.803825e-02)
.fc3_2_weight[3][10](1.453667e-01)
.fc3_2_weight[3][11](-1.990983e-01)
.fc3_2_weight[3][12](-2.224209e-01)
.fc3_2_weight[3][13](-9.198764e-02)
.fc3_2_weight[3][14](1.311900e-01)
.fc3_2_weight[3][15](1.866566e-01)
.fc3_2_weight[3][16](-1.154118e-01)
.fc3_2_weight[3][17](1.685276e-01)
.fc3_2_weight[3][18](-8.296083e-02)
.fc3_2_weight[3][19](-6.963898e-02)
.fc3_2_weight[4][0](-4.748344e-02)
.fc3_2_weight[4][1](2.550930e-03)
.fc3_2_weight[4][2](1.387748e-01)
.fc3_2_weight[4][3](-2.815236e-02)
.fc3_2_weight[4][4](-1.116642e-01)
.fc3_2_weight[4][5](-2.223657e-01)
.fc3_2_weight[4][6](8.116031e-02)
.fc3_2_weight[4][7](1.996712e-01)
.fc3_2_weight[4][8](-1.341379e-01)
.fc3_2_weight[4][9](-7.035647e-02)
.fc3_2_weight[4][10](1.606925e-01)
.fc3_2_weight[4][11](-1.736508e-01)
.fc3_2_weight[4][12](-9.239711e-02)
.fc3_2_weight[4][13](2.130834e-01)
.fc3_2_weight[4][14](2.214658e-01)
.fc3_2_weight[4][15](1.623025e-01)
.fc3_2_weight[4][16](-1.354256e-01)
.fc3_2_weight[4][17](2.205985e-01)
.fc3_2_weight[4][18](-1.883759e-01)
.fc3_2_weight[4][19](-4.801872e-02)
.fc3_2_weight[5][0](-2.164044e-01)
.fc3_2_weight[5][1](-1.496822e-01)
.fc3_2_weight[5][2](-8.709554e-02)
.fc3_2_weight[5][3](1.434389e-01)
.fc3_2_weight[5][4](1.254848e-01)
.fc3_2_weight[5][5](-1.938088e-01)
.fc3_2_weight[5][6](1.074582e-01)
.fc3_2_weight[5][7](-2.090739e-01)
.fc3_2_weight[5][8](-1.717998e-01)
.fc3_2_weight[5][9](-7.197461e-02)
.fc3_2_weight[5][10](-2.145029e-01)
.fc3_2_weight[5][11](1.963760e-01)
.fc3_2_weight[5][12](-1.608924e-01)
.fc3_2_weight[5][13](-8.504073e-02)
.fc3_2_weight[5][14](1.796189e-01)
.fc3_2_weight[5][15](8.427593e-02)
.fc3_2_weight[5][16](-3.451346e-02)
.fc3_2_weight[5][17](-1.482100e-01)
.fc3_2_weight[5][18](-2.102725e-01)
.fc3_2_weight[5][19](-1.613309e-01)
.fc3_2_weight[6][0](7.730570e-02)
.fc3_2_weight[6][1](3.354108e-02)
.fc3_2_weight[6][2](-1.853457e-01)
.fc3_2_weight[6][3](4.131985e-02)
.fc3_2_weight[6][4](1.239159e-01)
.fc3_2_weight[6][5](-5.300078e-02)
.fc3_2_weight[6][6](2.021602e-01)
.fc3_2_weight[6][7](4.906052e-02)
.fc3_2_weight[6][8](-1.987486e-02)
.fc3_2_weight[6][9](4.439056e-03)
.fc3_2_weight[6][10](-5.811989e-03)
.fc3_2_weight[6][11](-7.955928e-02)
.fc3_2_weight[6][12](1.729677e-01)
.fc3_2_weight[6][13](-7.412668e-02)
.fc3_2_weight[6][14](-8.113334e-02)
.fc3_2_weight[6][15](-2.033871e-01)
.fc3_2_weight[6][16](-6.813364e-02)
.fc3_2_weight[6][17](-1.243635e-01)
.fc3_2_weight[6][18](-4.947147e-02)
.fc3_2_weight[6][19](2.083963e-01)
.fc3_2_weight[7][0](3.033894e-02)
.fc3_2_weight[7][1](-1.783847e-01)
.fc3_2_weight[7][2](-1.985635e-01)
.fc3_2_weight[7][3](1.188739e-01)
.fc3_2_weight[7][4](-1.862664e-01)
.fc3_2_weight[7][5](1.477763e-01)
.fc3_2_weight[7][6](1.086783e-01)
.fc3_2_weight[7][7](-1.146808e-01)
.fc3_2_weight[7][8](2.725601e-02)
.fc3_2_weight[7][9](2.173829e-01)
.fc3_2_weight[7][10](4.308769e-02)
.fc3_2_weight[7][11](-3.552859e-02)
.fc3_2_weight[7][12](-1.292549e-01)
.fc3_2_weight[7][13](1.316218e-01)
.fc3_2_weight[7][14](-1.294885e-01)
.fc3_2_weight[7][15](1.346213e-01)
.fc3_2_weight[7][16](1.976657e-01)
.fc3_2_weight[7][17](9.367934e-02)
.fc3_2_weight[7][18](-1.907422e-02)
.fc3_2_weight[7][19](-1.652193e-01)
.fc3_2_weight[8][0](1.087512e-01)
.fc3_2_weight[8][1](-9.070511e-02)
.fc3_2_weight[8][2](-1.382359e-01)
.fc3_2_weight[8][3](-8.932382e-03)
.fc3_2_weight[8][4](-1.346921e-01)
.fc3_2_weight[8][5](1.595027e-01)
.fc3_2_weight[8][6](-9.399822e-02)
.fc3_2_weight[8][7](-6.269227e-02)
.fc3_2_weight[8][8](-4.888363e-02)
.fc3_2_weight[8][9](1.148434e-01)
.fc3_2_weight[8][10](1.994267e-02)
.fc3_2_weight[8][11](1.228257e-01)
.fc3_2_weight[8][12](2.158144e-01)
.fc3_2_weight[8][13](-2.060969e-01)
.fc3_2_weight[8][14](-4.784948e-02)
.fc3_2_weight[8][15](-1.605542e-01)
.fc3_2_weight[8][16](-1.384664e-01)
.fc3_2_weight[8][17](2.934274e-02)
.fc3_2_weight[8][18](1.630659e-01)
.fc3_2_weight[8][19](2.728456e-02)
.fc3_2_weight[9][0](-1.729588e-01)
.fc3_2_weight[9][1](8.895409e-02)
.fc3_2_weight[9][2](1.851136e-01)
.fc3_2_weight[9][3](1.519291e-01)
.fc3_2_weight[9][4](-1.004870e-01)
.fc3_2_weight[9][5](4.103377e-02)
.fc3_2_weight[9][6](4.641142e-02)
.fc3_2_weight[9][7](-3.412676e-02)
.fc3_2_weight[9][8](-2.054435e-02)
.fc3_2_weight[9][9](2.206577e-01)
.fc3_2_weight[9][10](1.369934e-01)
.fc3_2_weight[9][11](2.107638e-01)
.fc3_2_weight[9][12](8.888644e-02)
.fc3_2_weight[9][13](-1.123607e-02)
.fc3_2_weight[9][14](-1.231404e-01)
.fc3_2_weight[9][15](1.520179e-01)
.fc3_2_weight[9][16](-2.350105e-02)
.fc3_2_weight[9][17](1.791778e-01)
.fc3_2_weight[9][18](7.776389e-02)
.fc3_2_weight[9][19](1.617959e-01)
.fc3_2_weight[10][0](1.034488e-01)
.fc3_2_weight[10][1](2.203414e-01)
.fc3_2_weight[10][2](-6.360936e-02)
.fc3_2_weight[10][3](-2.359533e-02)
.fc3_2_weight[10][4](-1.672396e-01)
.fc3_2_weight[10][5](5.254441e-02)
.fc3_2_weight[10][6](5.567074e-03)
.fc3_2_weight[10][7](-2.146580e-01)
.fc3_2_weight[10][8](-2.635857e-02)
.fc3_2_weight[10][9](-1.567285e-02)
.fc3_2_weight[10][10](-8.315893e-02)
.fc3_2_weight[10][11](-1.281060e-01)
.fc3_2_weight[10][12](4.828745e-02)
.fc3_2_weight[10][13](1.059616e-01)
.fc3_2_weight[10][14](-1.450679e-01)
.fc3_2_weight[10][15](-1.042674e-01)
.fc3_2_weight[10][16](-1.115591e-01)
.fc3_2_weight[10][17](-8.168101e-02)
.fc3_2_weight[10][18](1.444294e-01)
.fc3_2_weight[10][19](2.035709e-01)
.fc3_2_weight[11][0](-2.091491e-01)
.fc3_2_weight[11][1](-6.098305e-02)
.fc3_2_weight[11][2](-5.594611e-03)
.fc3_2_weight[11][3](-2.518132e-03)
.fc3_2_weight[11][4](-8.510575e-03)
.fc3_2_weight[11][5](1.300175e-01)
.fc3_2_weight[11][6](1.753270e-01)
.fc3_2_weight[11][7](-3.260034e-02)
.fc3_2_weight[11][8](1.155378e-01)
.fc3_2_weight[11][9](2.846187e-02)
.fc3_2_weight[11][10](-1.681592e-01)
.fc3_2_weight[11][11](1.115797e-01)
.fc3_2_weight[11][12](1.952442e-01)
.fc3_2_weight[11][13](-6.353116e-02)
.fc3_2_weight[11][14](-9.968419e-02)
.fc3_2_weight[11][15](1.336336e-01)
.fc3_2_weight[11][16](-1.473396e-02)
.fc3_2_weight[11][17](1.697329e-01)
.fc3_2_weight[11][18](-1.595956e-01)
.fc3_2_weight[11][19](1.664009e-01)
.fc3_2_weight[12][0](4.622123e-02)
.fc3_2_weight[12][1](1.945755e-01)
.fc3_2_weight[12][2](-2.481456e-02)
.fc3_2_weight[12][3](8.075601e-02)
.fc3_2_weight[12][4](1.531213e-01)
.fc3_2_weight[12][5](8.443683e-02)
.fc3_2_weight[12][6](-1.961581e-01)
.fc3_2_weight[12][7](1.809524e-01)
.fc3_2_weight[12][8](9.121025e-02)
.fc3_2_weight[12][9](2.069584e-01)
.fc3_2_weight[12][10](8.826226e-03)
.fc3_2_weight[12][11](-3.287847e-02)
.fc3_2_weight[12][12](1.756950e-01)
.fc3_2_weight[12][13](2.018421e-01)
.fc3_2_weight[12][14](-7.067899e-02)
.fc3_2_weight[12][15](-2.148715e-02)
.fc3_2_weight[12][16](-4.894419e-02)
.fc3_2_weight[12][17](-2.474907e-02)
.fc3_2_weight[12][18](-1.776919e-02)
.fc3_2_weight[12][19](5.296049e-02)
.fc3_2_weight[13][0](-2.019240e-01)
.fc3_2_weight[13][1](9.335089e-02)
.fc3_2_weight[13][2](3.091761e-02)
.fc3_2_weight[13][3](3.976122e-02)
.fc3_2_weight[13][4](-1.532540e-01)
.fc3_2_weight[13][5](-1.185615e-01)
.fc3_2_weight[13][6](-1.892906e-01)
.fc3_2_weight[13][7](8.491492e-02)
.fc3_2_weight[13][8](-1.982346e-02)
.fc3_2_weight[13][9](3.712597e-02)
.fc3_2_weight[13][10](7.213449e-02)
.fc3_2_weight[13][11](8.462775e-02)
.fc3_2_weight[13][12](-1.747512e-01)
.fc3_2_weight[13][13](-1.350675e-01)
.fc3_2_weight[13][14](-1.143902e-01)
.fc3_2_weight[13][15](2.224078e-01)
.fc3_2_weight[13][16](2.078511e-01)
.fc3_2_weight[13][17](-1.829330e-01)
.fc3_2_weight[13][18](-2.153351e-01)
.fc3_2_weight[13][19](-1.670035e-01)
.fc3_2_weight[14][0](1.553250e-01)
.fc3_2_weight[14][1](2.044530e-01)
.fc3_2_weight[14][2](1.434668e-01)
.fc3_2_weight[14][3](-6.776685e-02)
.fc3_2_weight[14][4](1.198772e-02)
.fc3_2_weight[14][5](-2.066354e-01)
.fc3_2_weight[14][6](1.772484e-01)
.fc3_2_weight[14][7](-8.836040e-02)
.fc3_2_weight[14][8](-1.739896e-01)
.fc3_2_weight[14][9](2.086958e-01)
.fc3_2_weight[14][10](1.645589e-01)
.fc3_2_weight[14][11](-1.350834e-01)
.fc3_2_weight[14][12](1.134228e-01)
.fc3_2_weight[14][13](1.757212e-01)
.fc3_2_weight[14][14](1.233381e-02)
.fc3_2_weight[14][15](-6.761681e-02)
.fc3_2_weight[14][16](-7.064845e-02)
.fc3_2_weight[14][17](2.148885e-01)
.fc3_2_weight[14][18](-1.803247e-01)
.fc3_2_weight[14][19](-1.577608e-01)
.fc3_2_weight[15][0](-1.760547e-02)
.fc3_2_weight[15][1](-1.807768e-01)
.fc3_2_weight[15][2](-1.855947e-01)
.fc3_2_weight[15][3](-3.219542e-02)
.fc3_2_weight[15][4](-1.402332e-01)
.fc3_2_weight[15][5](-1.126141e-01)
.fc3_2_weight[15][6](2.591026e-02)
.fc3_2_weight[15][7](4.854560e-02)
.fc3_2_weight[15][8](7.229596e-03)
.fc3_2_weight[15][9](1.539757e-01)
.fc3_2_weight[15][10](-1.488344e-01)
.fc3_2_weight[15][11](2.036456e-01)
.fc3_2_weight[15][12](-3.990492e-02)
.fc3_2_weight[15][13](1.921084e-01)
.fc3_2_weight[15][14](-7.901509e-02)
.fc3_2_weight[15][15](-4.836847e-02)
.fc3_2_weight[15][16](-1.489541e-01)
.fc3_2_weight[15][17](-9.321117e-02)
.fc3_2_weight[15][18](-1.938109e-01)
.fc3_2_weight[15][19](-7.706228e-02)
.fc3_2_weight[16][0](-6.121774e-02)
.fc3_2_weight[16][1](5.463746e-02)
.fc3_2_weight[16][2](-4.312687e-02)
.fc3_2_weight[16][3](-1.635870e-01)
.fc3_2_weight[16][4](-5.915965e-02)
.fc3_2_weight[16][5](1.805178e-01)
.fc3_2_weight[16][6](2.144087e-01)
.fc3_2_weight[16][7](-2.128702e-01)
.fc3_2_weight[16][8](-1.979279e-01)
.fc3_2_weight[16][9](4.265657e-02)
.fc3_2_weight[16][10](-9.369694e-02)
.fc3_2_weight[16][11](8.639759e-02)
.fc3_2_weight[16][12](2.227120e-01)
.fc3_2_weight[16][13](-4.538940e-02)
.fc3_2_weight[16][14](1.145113e-01)
.fc3_2_weight[16][15](1.265526e-01)
.fc3_2_weight[16][16](8.599487e-02)
.fc3_2_weight[16][17](-1.391653e-01)
.fc3_2_weight[16][18](2.053405e-01)
.fc3_2_weight[16][19](2.041203e-01)
.fc3_2_weight[17][0](1.875993e-01)
.fc3_2_weight[17][1](8.166623e-02)
.fc3_2_weight[17][2](1.561620e-01)
.fc3_2_weight[17][3](-6.666493e-02)
.fc3_2_weight[17][4](1.990789e-01)
.fc3_2_weight[17][5](-9.351005e-02)
.fc3_2_weight[17][6](1.155412e-02)
.fc3_2_weight[17][7](-8.417538e-02)
.fc3_2_weight[17][8](-1.442676e-01)
.fc3_2_weight[17][9](-1.371568e-01)
.fc3_2_weight[17][10](1.800216e-01)
.fc3_2_weight[17][11](-1.081954e-01)
.fc3_2_weight[17][12](-9.314099e-02)
.fc3_2_weight[17][13](-7.933329e-02)
.fc3_2_weight[17][14](1.274991e-01)
.fc3_2_weight[17][15](1.514068e-01)
.fc3_2_weight[17][16](6.747717e-02)
.fc3_2_weight[17][17](-1.217446e-01)
.fc3_2_weight[17][18](7.890797e-02)
.fc3_2_weight[17][19](-3.075838e-03)
.fc3_2_weight[18][0](1.309206e-01)
.fc3_2_weight[18][1](1.109117e-01)
.fc3_2_weight[18][2](-3.933008e-02)
.fc3_2_weight[18][3](1.729293e-01)
.fc3_2_weight[18][4](-1.376143e-01)
.fc3_2_weight[18][5](-1.071562e-01)
.fc3_2_weight[18][6](-2.185069e-01)
.fc3_2_weight[18][7](2.188429e-01)
.fc3_2_weight[18][8](2.800784e-02)
.fc3_2_weight[18][9](1.062136e-01)
.fc3_2_weight[18][10](1.326328e-01)
.fc3_2_weight[18][11](1.884708e-01)
.fc3_2_weight[18][12](1.059529e-01)
.fc3_2_weight[18][13](-9.368344e-02)
.fc3_2_weight[18][14](-5.159214e-02)
.fc3_2_weight[18][15](7.637113e-03)
.fc3_2_weight[18][16](1.349339e-01)
.fc3_2_weight[18][17](-8.296739e-02)
.fc3_2_weight[18][18](1.609876e-01)
.fc3_2_weight[18][19](-2.061354e-01)
.fc3_2_weight[19][0](1.767087e-01)
.fc3_2_weight[19][1](-1.463619e-01)
.fc3_2_weight[19][2](-1.459319e-01)
.fc3_2_weight[19][3](5.567798e-02)
.fc3_2_weight[19][4](-1.496861e-01)
.fc3_2_weight[19][5](9.334880e-02)
.fc3_2_weight[19][6](-2.226730e-01)
.fc3_2_weight[19][7](-1.634475e-01)
.fc3_2_weight[19][8](3.542814e-02)
.fc3_2_weight[19][9](-1.061669e-01)
.fc3_2_weight[19][10](-6.176300e-02)
.fc3_2_weight[19][11](-3.144151e-02)
.fc3_2_weight[19][12](-5.352095e-03)
.fc3_2_weight[19][13](-3.720723e-02)
.fc3_2_weight[19][14](1.816398e-01)
.fc3_2_weight[19][15](-1.418957e-01)
.fc3_2_weight[19][16](-2.178817e-01)
.fc3_2_weight[19][17](-1.814523e-01)
.fc3_2_weight[19][18](-3.145726e-02)
.fc3_2_weight[19][19](5.417201e-02)
.fc3_2_weight[20][0](1.144742e-01)
.fc3_2_weight[20][1](-1.925980e-01)
.fc3_2_weight[20][2](-9.838738e-02)
.fc3_2_weight[20][3](-1.614121e-01)
.fc3_2_weight[20][4](1.105873e-01)
.fc3_2_weight[20][5](-4.572086e-02)
.fc3_2_weight[20][6](-1.428553e-01)
.fc3_2_weight[20][7](1.621222e-01)
.fc3_2_weight[20][8](1.224684e-01)
.fc3_2_weight[20][9](-1.011734e-01)
.fc3_2_weight[20][10](-1.545364e-01)
.fc3_2_weight[20][11](-1.604289e-01)
.fc3_2_weight[20][12](3.598842e-02)
.fc3_2_weight[20][13](-1.611367e-02)
.fc3_2_weight[20][14](-8.172964e-02)
.fc3_2_weight[20][15](-1.811009e-01)
.fc3_2_weight[20][16](2.205110e-02)
.fc3_2_weight[20][17](-9.036295e-02)
.fc3_2_weight[20][18](-1.052239e-01)
.fc3_2_weight[20][19](-5.278471e-02)
.fc3_2_weight[21][0](-1.925983e-02)
.fc3_2_weight[21][1](1.519819e-01)
.fc3_2_weight[21][2](1.642732e-01)
.fc3_2_weight[21][3](1.485960e-01)
.fc3_2_weight[21][4](-4.871042e-02)
.fc3_2_weight[21][5](-2.614923e-02)
.fc3_2_weight[21][6](-1.176362e-01)
.fc3_2_weight[21][7](1.149038e-01)
.fc3_2_weight[21][8](6.748399e-02)
.fc3_2_weight[21][9](-6.087089e-02)
.fc3_2_weight[21][10](-1.442385e-01)
.fc3_2_weight[21][11](-1.137090e-01)
.fc3_2_weight[21][12](5.592197e-02)
.fc3_2_weight[21][13](-4.344167e-02)
.fc3_2_weight[21][14](1.069899e-01)
.fc3_2_weight[21][15](1.394524e-01)
.fc3_2_weight[21][16](1.362351e-01)
.fc3_2_weight[21][17](1.971602e-01)
.fc3_2_weight[21][18](9.211719e-02)
.fc3_2_weight[21][19](4.428625e-03)
.fc3_2_weight[22][0](-2.812813e-02)
.fc3_2_weight[22][1](-4.514226e-02)
.fc3_2_weight[22][2](-7.187057e-02)
.fc3_2_weight[22][3](-1.156912e-01)
.fc3_2_weight[22][4](1.847933e-02)
.fc3_2_weight[22][5](-5.249071e-02)
.fc3_2_weight[22][6](-2.035821e-01)
.fc3_2_weight[22][7](-1.554203e-01)
.fc3_2_weight[22][8](-1.449748e-01)
.fc3_2_weight[22][9](-1.559304e-01)
.fc3_2_weight[22][10](-8.356911e-02)
.fc3_2_weight[22][11](1.228443e-02)
.fc3_2_weight[22][12](1.187946e-02)
.fc3_2_weight[22][13](-1.898389e-01)
.fc3_2_weight[22][14](-4.561847e-02)
.fc3_2_weight[22][15](1.512908e-01)
.fc3_2_weight[22][16](2.895713e-02)
.fc3_2_weight[22][17](-2.204405e-01)
.fc3_2_weight[22][18](-2.202845e-01)
.fc3_2_weight[22][19](2.108747e-01)
.fc3_2_weight[23][0](-3.344446e-02)
.fc3_2_weight[23][1](-2.604993e-02)
.fc3_2_weight[23][2](-1.542642e-01)
.fc3_2_weight[23][3](-1.162536e-01)
.fc3_2_weight[23][4](1.947783e-01)
.fc3_2_weight[23][5](2.174251e-01)
.fc3_2_weight[23][6](1.423395e-01)
.fc3_2_weight[23][7](-1.434525e-01)
.fc3_2_weight[23][8](-1.046024e-01)
.fc3_2_weight[23][9](-1.644761e-01)
.fc3_2_weight[23][10](-1.369511e-01)
.fc3_2_weight[23][11](1.914187e-01)
.fc3_2_weight[23][12](-1.736783e-01)
.fc3_2_weight[23][13](-1.513770e-01)
.fc3_2_weight[23][14](-1.193472e-01)
.fc3_2_weight[23][15](-2.194009e-01)
.fc3_2_weight[23][16](-1.839657e-01)
.fc3_2_weight[23][17](2.018121e-01)
.fc3_2_weight[23][18](1.064650e-01)
.fc3_2_weight[23][19](-8.369848e-02)
.fc3_2_weight[24][0](-1.287082e-01)
.fc3_2_weight[24][1](-2.037063e-01)
.fc3_2_weight[24][2](-4.414755e-02)
.fc3_2_weight[24][3](-9.677029e-02)
.fc3_2_weight[24][4](1.422739e-01)
.fc3_2_weight[24][5](1.275071e-01)
.fc3_2_weight[24][6](1.840795e-01)
.fc3_2_weight[24][7](1.363094e-01)
.fc3_2_weight[24][8](-2.227387e-01)
.fc3_2_weight[24][9](1.595150e-01)
.fc3_2_weight[24][10](1.174369e-01)
.fc3_2_weight[24][11](3.759876e-02)
.fc3_2_weight[24][12](-2.203447e-02)
.fc3_2_weight[24][13](1.422464e-01)
.fc3_2_weight[24][14](2.065216e-01)
.fc3_2_weight[24][15](1.251529e-02)
.fc3_2_weight[24][16](-2.037748e-01)
.fc3_2_weight[24][17](7.150722e-02)
.fc3_2_weight[24][18](9.135580e-02)
.fc3_2_weight[24][19](2.377445e-02)
.fc3_2_weight[25][0](1.722119e-01)
.fc3_2_weight[25][1](1.857448e-01)
.fc3_2_weight[25][2](8.405623e-02)
.fc3_2_weight[25][3](4.760623e-02)
.fc3_2_weight[25][4](-1.861364e-01)
.fc3_2_weight[25][5](2.090367e-01)
.fc3_2_weight[25][6](-2.078827e-01)
.fc3_2_weight[25][7](1.151606e-01)
.fc3_2_weight[25][8](1.101838e-01)
.fc3_2_weight[25][9](1.095635e-01)
.fc3_2_weight[25][10](3.746507e-02)
.fc3_2_weight[25][11](9.550929e-02)
.fc3_2_weight[25][12](-1.498202e-01)
.fc3_2_weight[25][13](1.531720e-01)
.fc3_2_weight[25][14](1.281784e-01)
.fc3_2_weight[25][15](-3.859080e-02)
.fc3_2_weight[25][16](-2.237558e-02)
.fc3_2_weight[25][17](7.915646e-02)
.fc3_2_weight[25][18](4.933012e-02)
.fc3_2_weight[25][19](1.946971e-01)
.fc3_2_weight[26][0](-2.079641e-01)
.fc3_2_weight[26][1](-6.247440e-02)
.fc3_2_weight[26][2](1.172870e-01)
.fc3_2_weight[26][3](1.885770e-01)
.fc3_2_weight[26][4](-9.565981e-02)
.fc3_2_weight[26][5](1.970630e-01)
.fc3_2_weight[26][6](-3.829077e-02)
.fc3_2_weight[26][7](9.846619e-02)
.fc3_2_weight[26][8](-9.649464e-02)
.fc3_2_weight[26][9](1.404141e-01)
.fc3_2_weight[26][10](5.349576e-02)
.fc3_2_weight[26][11](-7.109624e-02)
.fc3_2_weight[26][12](-1.987022e-01)
.fc3_2_weight[26][13](-6.709190e-02)
.fc3_2_weight[26][14](1.193678e-01)
.fc3_2_weight[26][15](-9.261060e-02)
.fc3_2_weight[26][16](-2.111637e-01)
.fc3_2_weight[26][17](-3.584583e-02)
.fc3_2_weight[26][18](-1.766472e-01)
.fc3_2_weight[26][19](1.282150e-01)
.fc3_2_weight[27][0](2.039981e-02)
.fc3_2_weight[27][1](2.017651e-01)
.fc3_2_weight[27][2](-1.804262e-01)
.fc3_2_weight[27][3](-3.927790e-02)
.fc3_2_weight[27][4](-9.000351e-02)
.fc3_2_weight[27][5](-3.667592e-02)
.fc3_2_weight[27][6](-9.512447e-02)
.fc3_2_weight[27][7](2.209772e-01)
.fc3_2_weight[27][8](2.071374e-01)
.fc3_2_weight[27][9](4.326212e-02)
.fc3_2_weight[27][10](1.270161e-01)
.fc3_2_weight[27][11](1.836910e-01)
.fc3_2_weight[27][12](-6.207822e-02)
.fc3_2_weight[27][13](-2.521542e-02)
.fc3_2_weight[27][14](4.546481e-02)
.fc3_2_weight[27][15](-7.103562e-03)
.fc3_2_weight[27][16](1.466194e-01)
.fc3_2_weight[27][17](2.151510e-01)
.fc3_2_weight[27][18](1.712377e-01)
.fc3_2_weight[27][19](1.145918e-01)
.fc3_2_weight[28][0](1.395390e-01)
.fc3_2_weight[28][1](-1.177018e-01)
.fc3_2_weight[28][2](-7.721041e-02)
.fc3_2_weight[28][3](4.152551e-02)
.fc3_2_weight[28][4](-2.196462e-01)
.fc3_2_weight[28][5](-1.640981e-01)
.fc3_2_weight[28][6](2.222892e-01)
.fc3_2_weight[28][7](-5.849555e-03)
.fc3_2_weight[28][8](-1.216317e-01)
.fc3_2_weight[28][9](-1.485589e-01)
.fc3_2_weight[28][10](1.828912e-01)
.fc3_2_weight[28][11](2.011538e-02)
.fc3_2_weight[28][12](-2.424634e-02)
.fc3_2_weight[28][13](-1.156362e-01)
.fc3_2_weight[28][14](1.318460e-01)
.fc3_2_weight[28][15](-1.488985e-01)
.fc3_2_weight[28][16](-7.947627e-02)
.fc3_2_weight[28][17](1.837682e-01)
.fc3_2_weight[28][18](-1.001635e-01)
.fc3_2_weight[28][19](1.770672e-01)
.fc3_2_weight[29][0](-6.268573e-02)
.fc3_2_weight[29][1](-2.100307e-02)
.fc3_2_weight[29][2](-1.752190e-01)
.fc3_2_weight[29][3](-1.246644e-01)
.fc3_2_weight[29][4](3.552467e-03)
.fc3_2_weight[29][5](1.425974e-01)
.fc3_2_weight[29][6](1.496733e-01)
.fc3_2_weight[29][7](5.075780e-02)
.fc3_2_weight[29][8](1.895672e-01)
.fc3_2_weight[29][9](1.182987e-01)
.fc3_2_weight[29][10](1.830655e-01)
.fc3_2_weight[29][11](1.013125e-01)
.fc3_2_weight[29][12](1.532345e-01)
.fc3_2_weight[29][13](-1.672785e-01)
.fc3_2_weight[29][14](2.145407e-01)
.fc3_2_weight[29][15](1.376236e-01)
.fc3_2_weight[29][16](-1.395870e-01)
.fc3_2_weight[29][17](-1.267566e-01)
.fc3_2_weight[29][18](-4.302776e-02)
.fc3_2_weight[29][19](-7.439905e-02)
.fc3_2_weight[30][0](9.724754e-02)
.fc3_2_weight[30][1](-1.492752e-01)
.fc3_2_weight[30][2](4.949301e-02)
.fc3_2_weight[30][3](-1.673369e-01)
.fc3_2_weight[30][4](6.869107e-02)
.fc3_2_weight[30][5](1.088522e-01)
.fc3_2_weight[30][6](-1.625436e-01)
.fc3_2_weight[30][7](1.205885e-02)
.fc3_2_weight[30][8](1.286580e-01)
.fc3_2_weight[30][9](-1.139844e-01)
.fc3_2_weight[30][10](1.482323e-01)
.fc3_2_weight[30][11](-1.871438e-02)
.fc3_2_weight[30][12](-3.569347e-02)
.fc3_2_weight[30][13](-7.786877e-02)
.fc3_2_weight[30][14](-1.270297e-01)
.fc3_2_weight[30][15](-3.671618e-02)
.fc3_2_weight[30][16](1.959741e-01)
.fc3_2_weight[30][17](1.762170e-01)
.fc3_2_weight[30][18](1.351810e-02)
.fc3_2_weight[30][19](1.860757e-02)
.fc3_2_weight[31][0](1.099100e-01)
.fc3_2_weight[31][1](1.634940e-01)
.fc3_2_weight[31][2](-1.307115e-01)
.fc3_2_weight[31][3](-9.652874e-02)
.fc3_2_weight[31][4](3.022531e-02)
.fc3_2_weight[31][5](9.354869e-02)
.fc3_2_weight[31][6](-1.603208e-01)
.fc3_2_weight[31][7](-8.298764e-02)
.fc3_2_weight[31][8](-1.101861e-01)
.fc3_2_weight[31][9](-1.051256e-01)
.fc3_2_weight[31][10](2.442330e-02)
.fc3_2_weight[31][11](-1.501784e-01)
.fc3_2_weight[31][12](1.873250e-01)
.fc3_2_weight[31][13](1.873463e-01)
.fc3_2_weight[31][14](-4.641578e-03)
.fc3_2_weight[31][15](1.788301e-01)
.fc3_2_weight[31][16](-1.006057e-01)
.fc3_2_weight[31][17](-4.097372e-03)
.fc3_2_weight[31][18](-9.275755e-02)
.fc3_2_weight[31][19](1.825111e-01)
.fc3_2_weight[32][0](-8.262655e-02)
.fc3_2_weight[32][1](-1.529502e-01)
.fc3_2_weight[32][2](9.267911e-02)
.fc3_2_weight[32][3](7.738453e-02)
.fc3_2_weight[32][4](1.731929e-01)
.fc3_2_weight[32][5](-1.021205e-01)
.fc3_2_weight[32][6](-5.388781e-02)
.fc3_2_weight[32][7](-1.723407e-01)
.fc3_2_weight[32][8](-1.922497e-01)
.fc3_2_weight[32][9](6.659275e-02)
.fc3_2_weight[32][10](-7.695138e-02)
.fc3_2_weight[32][11](4.838666e-02)
.fc3_2_weight[32][12](-1.092299e-01)
.fc3_2_weight[32][13](1.702048e-01)
.fc3_2_weight[32][14](-1.965194e-01)
.fc3_2_weight[32][15](-1.803015e-01)
.fc3_2_weight[32][16](-2.226353e-02)
.fc3_2_weight[32][17](-1.136379e-01)
.fc3_2_weight[32][18](1.300242e-01)
.fc3_2_weight[32][19](1.444867e-02)
.fc3_2_weight[33][0](-1.774387e-01)
.fc3_2_weight[33][1](-1.927273e-01)
.fc3_2_weight[33][2](-2.212963e-01)
.fc3_2_weight[33][3](5.455494e-02)
.fc3_2_weight[33][4](6.165114e-02)
.fc3_2_weight[33][5](-1.184525e-01)
.fc3_2_weight[33][6](1.149251e-01)
.fc3_2_weight[33][7](-1.649902e-01)
.fc3_2_weight[33][8](-5.880266e-03)
.fc3_2_weight[33][9](-4.616709e-02)
.fc3_2_weight[33][10](-1.769193e-01)
.fc3_2_weight[33][11](-1.138600e-01)
.fc3_2_weight[33][12](1.654276e-01)
.fc3_2_weight[33][13](-1.701390e-01)
.fc3_2_weight[33][14](1.928459e-01)
.fc3_2_weight[33][15](-1.413329e-01)
.fc3_2_weight[33][16](1.889159e-01)
.fc3_2_weight[33][17](4.854041e-02)
.fc3_2_weight[33][18](1.111330e-01)
.fc3_2_weight[33][19](3.714794e-02)
.fc3_2_weight[34][0](4.988864e-02)
.fc3_2_weight[34][1](8.030552e-02)
.fc3_2_weight[34][2](-2.013750e-01)
.fc3_2_weight[34][3](-4.687144e-02)
.fc3_2_weight[34][4](1.920678e-01)
.fc3_2_weight[34][5](-2.224560e-01)
.fc3_2_weight[34][6](-9.832318e-02)
.fc3_2_weight[34][7](1.129698e-01)
.fc3_2_weight[34][8](-1.496672e-01)
.fc3_2_weight[34][9](6.201926e-02)
.fc3_2_weight[34][10](1.057434e-01)
.fc3_2_weight[34][11](1.622262e-01)
.fc3_2_weight[34][12](1.888216e-02)
.fc3_2_weight[34][13](2.008187e-01)
.fc3_2_weight[34][14](-1.127808e-01)
.fc3_2_weight[34][15](1.987830e-01)
.fc3_2_weight[34][16](-7.154246e-02)
.fc3_2_weight[34][17](-2.028063e-01)
.fc3_2_weight[34][18](-5.916148e-02)
.fc3_2_weight[34][19](-1.042774e-01)
.fc3_2_weight[35][0](1.804696e-01)
.fc3_2_weight[35][1](-1.215755e-01)
.fc3_2_weight[35][2](1.078201e-01)
.fc3_2_weight[35][3](-7.907118e-02)
.fc3_2_weight[35][4](2.004050e-01)
.fc3_2_weight[35][5](-1.343585e-01)
.fc3_2_weight[35][6](-1.671937e-01)
.fc3_2_weight[35][7](5.300492e-03)
.fc3_2_weight[35][8](-1.595738e-01)
.fc3_2_weight[35][9](1.533883e-01)
.fc3_2_weight[35][10](-1.341176e-01)
.fc3_2_weight[35][11](5.926421e-02)
.fc3_2_weight[35][12](1.886539e-01)
.fc3_2_weight[35][13](-1.636440e-01)
.fc3_2_weight[35][14](2.109863e-01)
.fc3_2_weight[35][15](7.030576e-02)
.fc3_2_weight[35][16](-8.282803e-02)
.fc3_2_weight[35][17](1.656681e-01)
.fc3_2_weight[35][18](6.175873e-02)
.fc3_2_weight[35][19](6.266040e-02)
.fc3_2_weight[36][0](2.258644e-02)
.fc3_2_weight[36][1](-1.951699e-01)
.fc3_2_weight[36][2](1.410571e-01)
.fc3_2_weight[36][3](9.460390e-02)
.fc3_2_weight[36][4](-1.682214e-01)
.fc3_2_weight[36][5](-1.727084e-01)
.fc3_2_weight[36][6](-2.117282e-01)
.fc3_2_weight[36][7](-1.241871e-01)
.fc3_2_weight[36][8](-4.246022e-02)
.fc3_2_weight[36][9](-8.876771e-04)
.fc3_2_weight[36][10](1.173381e-01)
.fc3_2_weight[36][11](-1.377029e-01)
.fc3_2_weight[36][12](1.332563e-01)
.fc3_2_weight[36][13](-1.098623e-01)
.fc3_2_weight[36][14](-1.295884e-01)
.fc3_2_weight[36][15](-2.948375e-02)
.fc3_2_weight[36][16](-8.546630e-02)
.fc3_2_weight[36][17](1.113927e-01)
.fc3_2_weight[36][18](7.026294e-02)
.fc3_2_weight[36][19](1.796041e-01)
.fc3_2_weight[37][0](1.831196e-01)
.fc3_2_weight[37][1](-7.318725e-02)
.fc3_2_weight[37][2](1.370582e-01)
.fc3_2_weight[37][3](-2.178764e-01)
.fc3_2_weight[37][4](1.244409e-02)
.fc3_2_weight[37][5](-5.726516e-03)
.fc3_2_weight[37][6](-1.392464e-02)
.fc3_2_weight[37][7](-1.794560e-02)
.fc3_2_weight[37][8](-9.796388e-02)
.fc3_2_weight[37][9](-1.301248e-01)
.fc3_2_weight[37][10](-5.466281e-02)
.fc3_2_weight[37][11](1.046243e-02)
.fc3_2_weight[37][12](-5.937244e-02)
.fc3_2_weight[37][13](-1.093663e-01)
.fc3_2_weight[37][14](-4.502550e-03)
.fc3_2_weight[37][15](-1.654815e-01)
.fc3_2_weight[37][16](-1.777968e-01)
.fc3_2_weight[37][17](1.589116e-01)
.fc3_2_weight[37][18](-1.427224e-01)
.fc3_2_weight[37][19](1.761717e-02)
.fc3_2_weight[38][0](1.652688e-02)
.fc3_2_weight[38][1](-1.304994e-01)
.fc3_2_weight[38][2](-1.968348e-01)
.fc3_2_weight[38][3](1.788378e-01)
.fc3_2_weight[38][4](-4.361968e-02)
.fc3_2_weight[38][5](1.513062e-01)
.fc3_2_weight[38][6](9.652054e-02)
.fc3_2_weight[38][7](3.027424e-03)
.fc3_2_weight[38][8](1.634261e-01)
.fc3_2_weight[38][9](-1.757875e-01)
.fc3_2_weight[38][10](-6.881019e-02)
.fc3_2_weight[38][11](-6.826675e-02)
.fc3_2_weight[38][12](-1.615952e-01)
.fc3_2_weight[38][13](-1.666730e-01)
.fc3_2_weight[38][14](9.713274e-02)
.fc3_2_weight[38][15](-1.162998e-01)
.fc3_2_weight[38][16](2.018169e-01)
.fc3_2_weight[38][17](1.758991e-01)
.fc3_2_weight[38][18](-6.096834e-02)
.fc3_2_weight[38][19](-1.387433e-01)
.fc3_2_weight[39][0](2.993032e-02)
.fc3_2_weight[39][1](2.155602e-01)
.fc3_2_weight[39][2](-1.778508e-01)
.fc3_2_weight[39][3](2.201318e-01)
.fc3_2_weight[39][4](1.953188e-01)
.fc3_2_weight[39][5](1.757932e-01)
.fc3_2_weight[39][6](1.659862e-01)
.fc3_2_weight[39][7](1.987742e-01)
.fc3_2_weight[39][8](1.876118e-01)
.fc3_2_weight[39][9](-2.077474e-01)
.fc3_2_weight[39][10](-5.618878e-02)
.fc3_2_weight[39][11](2.134702e-01)
.fc3_2_weight[39][12](2.520309e-02)
.fc3_2_weight[39][13](1.682770e-01)
.fc3_2_weight[39][14](-4.740986e-02)
.fc3_2_weight[39][15](2.077588e-01)
.fc3_2_weight[39][16](8.670413e-02)
.fc3_2_weight[39][17](7.715586e-02)
.fc3_2_weight[39][18](1.752219e-01)
.fc3_2_weight[39][19](-2.110091e-01)
// fc3_2_bias: shape (40,)
.fc3_2_bias[0](-5.145162e-03)
.fc3_2_bias[1](-5.473915e-02)
.fc3_2_bias[2](-1.915417e-01)
.fc3_2_bias[3](-7.739630e-02)
.fc3_2_bias[4](6.028223e-02)
.fc3_2_bias[5](7.198608e-02)
.fc3_2_bias[6](-9.233423e-02)
.fc3_2_bias[7](-8.906366e-02)
.fc3_2_bias[8](-1.040479e-01)
.fc3_2_bias[9](2.241451e-02)
.fc3_2_bias[10](1.457772e-02)
.fc3_2_bias[11](2.134573e-01)
.fc3_2_bias[12](2.154594e-01)
.fc3_2_bias[13](-1.622636e-01)
.fc3_2_bias[14](-1.082907e-01)
.fc3_2_bias[15](1.398496e-01)
.fc3_2_bias[16](1.317234e-01)
.fc3_2_bias[17](-6.466521e-02)
.fc3_2_bias[18](3.421637e-02)
.fc3_2_bias[19](-2.010751e-01)
.fc3_2_bias[20](1.919512e-01)
.fc3_2_bias[21](-4.769343e-02)
.fc3_2_bias[22](-1.735904e-01)
.fc3_2_bias[23](1.629650e-01)
.fc3_2_bias[24](-5.782248e-02)
.fc3_2_bias[25](-9.651925e-02)
.fc3_2_bias[26](1.573060e-01)
.fc3_2_bias[27](9.008899e-02)
.fc3_2_bias[28](-4.735711e-02)
.fc3_2_bias[29](-7.283378e-02)
.fc3_2_bias[30](2.220934e-01)
.fc3_2_bias[31](-7.161872e-02)
.fc3_2_bias[32](9.921345e-02)
.fc3_2_bias[33](5.818814e-02)
.fc3_2_bias[34](8.505151e-02)
.fc3_2_bias[35](-1.615040e-01)
.fc3_2_bias[36](6.815866e-02)
.fc3_2_bias[37](-1.391402e-01)
.fc3_2_bias[38](4.765540e-03)
.fc3_2_bias[39](9.834957e-02)
// fc4_1_weight: shape (1, 40)
.fc4_1_weight[0][0](8.575249e-02)
.fc4_1_weight[0][1](1.038654e-01)
.fc4_1_weight[0][2](5.668341e-02)
.fc4_1_weight[0][3](-9.803133e-02)
.fc4_1_weight[0][4](7.221922e-02)
.fc4_1_weight[0][5](-8.634426e-02)
.fc4_1_weight[0][6](9.920301e-02)
.fc4_1_weight[0][7](-1.227258e-01)
.fc4_1_weight[0][8](1.271515e-01)
.fc4_1_weight[0][9](7.326663e-03)
.fc4_1_weight[0][10](8.085783e-02)
.fc4_1_weight[0][11](1.505052e-01)
.fc4_1_weight[0][12](5.675867e-03)
.fc4_1_weight[0][13](1.016485e-01)
.fc4_1_weight[0][14](-1.175418e-01)
.fc4_1_weight[0][15](-1.499625e-01)
.fc4_1_weight[0][16](-1.303732e-01)
.fc4_1_weight[0][17](6.610008e-02)
.fc4_1_weight[0][18](1.007407e-01)
.fc4_1_weight[0][19](1.308966e-01)
.fc4_1_weight[0][20](3.986119e-02)
.fc4_1_weight[0][21](1.038392e-01)
.fc4_1_weight[0][22](-7.341845e-02)
.fc4_1_weight[0][23](1.143386e-01)
.fc4_1_weight[0][24](-6.708425e-02)
.fc4_1_weight[0][25](-1.228982e-01)
.fc4_1_weight[0][26](-4.344558e-02)
.fc4_1_weight[0][27](1.467340e-01)
.fc4_1_weight[0][28](7.678860e-02)
.fc4_1_weight[0][29](6.245892e-02)
.fc4_1_weight[0][30](-5.036710e-02)
.fc4_1_weight[0][31](2.491830e-02)
.fc4_1_weight[0][32](-7.108551e-02)
.fc4_1_weight[0][33](-9.819787e-02)
.fc4_1_weight[0][34](1.102231e-01)
.fc4_1_weight[0][35](-1.335309e-02)
.fc4_1_weight[0][36](-1.123626e-01)
.fc4_1_weight[0][37](-1.310841e-01)
.fc4_1_weight[0][38](1.511768e-01)
.fc4_1_weight[0][39](-1.272355e-01)
// fc4_1_bias: shape (1,)
.fc4_1_bias[0](-1.121805e-01)